<?xml version="1.0"?>
<opencv_storage>
<K1 type_id="opencv-matrix">
  <rows>3</rows>
  <cols>3</cols>
  <dt>d</dt>
  <data>
    7.1683717157099636e+02 0. 3.7653535938930003e+02 0.
    7.2057575629572261e+02 2.1250760350759413e+02 0. 0. 1.</data></K1>
<D1 type_id="opencv-matrix">
  <rows>1</rows>
  <cols>5</cols>
  <dt>d</dt>
  <data>
    -1.1158989452544643e-01 -7.4123290339409253e-01
    -2.5918032603741391e-03 2.4160915274476311e-03
    2.5077837921695942e+00</data></D1>
<K2 type_id="opencv-matrix">
  <rows>3</rows>
  <cols>3</cols>
  <dt>d</dt>
  <data>
    7.2797899330890516e+02 0. 3.5297632843132027e+02 0.
    7.3480879632707035e+02 1.8462172397483076e+02 0. 0. 1.</data></K2>
<D2 type_id="opencv-matrix">
  <rows>1</rows>
  <cols>5</cols>
  <dt>d</dt>
  <data>
    -2.6843266527299364e-01 1.9398446452431963e+00
    -1.0680805604104752e-02 3.9017535261896760e-03
    -5.4576253724397326e+00</data></D2>
<R type_id="opencv-matrix">
  <rows>3</rows>
  <cols>3</cols>
  <dt>d</dt>
  <data>
    9.9698703881139317e-01 2.6727521308174741e-03
    -7.7522260274947449e-02 -6.6048225037529766e-03
    9.9870172126875068e-01 -5.0509882741187055e-02
    7.7286614376510257e-02 5.0869719194052553e-02 9.9571032479699373e-01</data></R>
<T type_id="opencv-matrix">
  <rows>3</rows>
  <cols>1</cols>
  <dt>d</dt>
  <data>
    1.1989305391100945e-01 -6.5323969622384619e-03
    2.4051151891610317e-01</data></T>
<E type_id="opencv-matrix">
  <rows>3</rows>
  <cols>3</cols>
  <dt>d</dt>
  <data>
    1.0836690475740768e-03 -2.4053156912560708e-01
    5.6438335173838085e-03 2.3052073882015373e-01
    -5.4560983111012927e-03 -1.3802374821917179e-01
    5.7208427632075599e-03 1.1975485878699244e-01
    -6.5621902720538316e-03</data></E>
<F type_id="opencv-matrix">
  <rows>3</rows>
  <cols>3</cols>
  <dt>d</dt>
  <data>
    -1.2184995648431633e-07 2.6905537050070540e-05
    -6.1266582222120622e-03 -2.5679301901304360e-05
    6.0463915653086313e-07 2.0562348337952525e-02 4.3156850258869311e-03
    -1.9360375025452105e-02 1.</data></F>
<R1 type_id="opencv-matrix">
  <rows>3</rows>
  <cols>3</cols>
  <dt>d</dt>
  <data>
    5.1396700852864730e-01 2.2436349812917439e-02 8.5751648634366551e-01
    -2.0617972186790282e-03 9.9968731288720192e-01
    -2.4920382111733860e-02 -8.5780747439990435e-01
    1.1040229138843852e-02 5.1385255687231857e-01</data></R1>
<R2 type_id="opencv-matrix">
  <rows>3</rows>
  <cols>3</cols>
  <dt>d</dt>
  <data>
    4.4600179643710597e-01 -2.4300496860820312e-02
    8.9470211994115212e-01 2.5482156402070193e-03 9.9966178349397816e-01
    2.5880981795325404e-02 -8.9502843763308737e-01
    -9.2630704389107775e-03 4.4591287417400105e-01</data></R2>
<P1 type_id="opencv-matrix">
  <rows>3</rows>
  <cols>4</cols>
  <dt>d</dt>
  <data>
    3.8014887705576461e+02 0. -6.8672523117065430e+02 0. 0.
    3.8014887705576461e+02 1.7210856628417969e+02 0. 0. 0. 1. 0.</data></P1>
<P2 type_id="opencv-matrix">
  <rows>3</rows>
  <cols>4</cols>
  <dt>d</dt>
  <data>
    3.8014887705576461e+02 0. -6.8672523117065430e+02
    1.0219064177577519e+02 0. 3.8014887705576461e+02
    1.7210856628417969e+02 0. 0. 0. 1. 0.</data></P2>
<Q type_id="opencv-matrix">
  <rows>4</rows>
  <cols>4</cols>
  <dt>d</dt>
  <data>
    1. 0. 0. 6.8672523117065430e+02 0. 1. 0. -1.7210856628417969e+02 0.
    0. 0. 3.8014887705576461e+02 0. 0. -3.7199969630279868e+00 0.</data></Q>
</opencv_storage>
