<?xml version="1.0"?>
<opencv_storage>
<K1 type_id="opencv-matrix">
  <rows>3</rows>
  <cols>3</cols>
  <dt>d</dt>
  <data>
    7.2797899328904816e+02 0. 3.5297632826463041e+02 0.
    7.3480879631480377e+02 1.8462172387301314e+02 0. 0. 1.</data></K1>
<D1 type_id="opencv-matrix">
  <rows>1</rows>
  <cols>5</cols>
  <dt>d</dt>
  <data>
    -2.6843266492122209e-01 1.9398446371626707e+00
    -1.0680805620223336e-02 3.9017534768339157e-03
    -5.4576253406042250e+00</data></D1>
<K2 type_id="opencv-matrix">
  <rows>3</rows>
  <cols>3</cols>
  <dt>d</dt>
  <data>
    7.1683717125424312e+02 0. 3.7653535994442325e+02 0.
    7.2057575592816522e+02 2.1250760291174478e+02 0. 0. 1.</data></K2>
<D2 type_id="opencv-matrix">
  <rows>1</rows>
  <cols>5</cols>
  <dt>d</dt>
  <data>
    -1.1158989162104117e-01 -7.4123291558433491e-01
    -2.5918033087768640e-03 2.4160916658704681e-03
    2.5077837913968937e+00</data></D2>
<R type_id="opencv-matrix">
  <rows>3</rows>
  <cols>3</cols>
  <dt>d</dt>
  <data>
    9.8965220667518161e-01 -1.1282161135001079e-02
    -1.4304273019999081e-01 -6.9596034380902949e-03
    9.9195636804286003e-01 -1.2638879625664021e-01
    1.4331808588914385e-01 1.2607647179129758e-01 9.8161328919169089e-01</data></R>
<T type_id="opencv-matrix">
  <rows>3</rows>
  <cols>1</cols>
  <dt>d</dt>
  <data>
    1.1441293011877678e-01 -1.4538062908540133e-02
    2.2551239519445521e-01</data></T>
<E type_id="opencv-matrix">
  <rows>3</rows>
  <cols>3</cols>
  <dt>d</dt>
  <data>
    -5.1409050766062342e-04 -2.2553136416392658e-01
    1.4231484419451126e-02 2.0678139739120674e-01
    -1.6969045737203547e-02 -1.4456716136250572e-01
    1.3591357416402728e-02 1.1332861384943843e-01
    -1.6540076724164091e-02</data></E>
<F type_id="opencv-matrix">
  <rows>3</rows>
  <cols>3</cols>
  <dt>d</dt>
  <data>
    5.4642593156058979e-08 2.3748881692736633e-05
    -5.5050332333150603e-03 -2.1864726719355946e-05
    1.7776019122939713e-06 1.8517648794057800e-02 3.5902862711444908e-03
    -1.7874580744753968e-02 1.</data></F>
<R1 type_id="opencv-matrix">
  <rows>3</rows>
  <cols>3</cols>
  <dt>d</dt>
  <data>
    5.7502575804357314e-01 5.0217894083206358e-02 8.1659264061113235e-01
    1.2752164148411224e-03 9.9805818663796264e-01
    -6.2275435831771989e-02 -8.1813431135083770e-01
    3.6851312036204315e-02 5.7384512666023491e-01</data></R1>
<R2 type_id="opencv-matrix">
  <rows>3</rows>
  <cols>3</cols>
  <dt>d</dt>
  <data>
    4.5170130319574853e-01 -5.7396152296003769e-02
    8.9032107376658032e-01 -1.0901841790494718e-03
    9.9789221628342673e-01 6.4884020986731752e-02
    -8.9216856265490452e-01 -3.0278810785181742e-02
    4.5068664216694621e-01</data></R2>
<P1 type_id="opencv-matrix">
  <rows>3</rows>
  <cols>4</cols>
  <dt>d</dt>
  <data>
    4.0125842735970997e+02 0. -6.1461460876464844e+02 0. 0.
    4.0125842735970997e+02 1.7473369026184082e+02 0. 0. 0. 1. 0.</data></P1>
<P2 type_id="opencv-matrix">
  <rows>3</rows>
  <cols>4</cols>
  <dt>d</dt>
  <data>
    4.0125842735970997e+02 0. -6.1461460876464844e+02
    1.0163608580332490e+02 0. 4.0125842735970997e+02
    1.7473369026184082e+02 0. 0. 0. 1. 0.</data></P2>
<Q type_id="opencv-matrix">
  <rows>4</rows>
  <cols>4</cols>
  <dt>d</dt>
  <data>
    1. 0. 0. 6.1461460876464844e+02 0. 1. 0. -1.7473369026184082e+02 0.
    0. 0. 4.0125842735970997e+02 0. 0. -3.9479917412028405e+00 0.</data></Q>
</opencv_storage>
