<?xml version="1.0"?>
<opencv_storage>
<K type_id="opencv-matrix">
  <rows>3</rows>
  <cols>3</cols>
  <dt>d</dt>
  <data>
    7.2797899330890516e+02 0. 3.5297632843132027e+02 0.
    7.3480879632707035e+02 1.8462172397483076e+02 0. 0. 1.</data></K>
<D type_id="opencv-matrix">
  <rows>1</rows>
  <cols>5</cols>
  <dt>d</dt>
  <data>
    -2.6843266527299364e-01 1.9398446452431963e+00
    -1.0680805604104752e-02 3.9017535261896760e-03
    -5.4576253724397326e+00</data></D>
</opencv_storage>
