<?xml version="1.0"?>
<opencv_storage>
<K type_id="opencv-matrix">
  <rows>3</rows>
  <cols>3</cols>
  <dt>d</dt>
  <data>
    7.1683717125424312e+02 0. 3.7653535994442325e+02 0.
    7.2057575592816522e+02 2.1250760291174478e+02 0. 0. 1.</data></K>
<D type_id="opencv-matrix">
  <rows>1</rows>
  <cols>5</cols>
  <dt>d</dt>
  <data>
    -1.1158989162104117e-01 -7.4123291558433491e-01
    -2.5918033087768640e-03 2.4160916658704681e-03
    2.5077837913968937e+00</data></D>
</opencv_storage>
