<?xml version="1.0"?>
<opencv_storage>
<K type_id="opencv-matrix">
  <rows>3</rows>
  <cols>3</cols>
  <dt>d</dt>
  <data>
    7.1683717157099636e+02 0. 3.7653535938930003e+02 0.
    7.2057575629572261e+02 2.1250760350759413e+02 0. 0. 1.</data></K>
<D type_id="opencv-matrix">
  <rows>1</rows>
  <cols>5</cols>
  <dt>d</dt>
  <data>
    -1.1158989452544643e-01 -7.4123290339409253e-01
    -2.5918032603741391e-03 2.4160915274476311e-03
    2.5077837921695942e+00</data></D>
</opencv_storage>
