<?xml version="1.0"?>
<opencv_storage>
<K type_id="opencv-matrix">
  <rows>3</rows>
  <cols>3</cols>
  <dt>d</dt>
  <data>
    7.2797899328904816e+02 0. 3.5297632826463041e+02 0.
    7.3480879631480377e+02 1.8462172387301314e+02 0. 0. 1.</data></K>
<D type_id="opencv-matrix">
  <rows>1</rows>
  <cols>5</cols>
  <dt>d</dt>
  <data>
    -2.6843266492122209e-01 1.9398446371626707e+00
    -1.0680805620223336e-02 3.9017534768339157e-03
    -5.4576253406042250e+00</data></D>
</opencv_storage>
